00000000000000000000000000000000000000000000000000000000
00000000000000000000000000000000000000000000000000000000
00111111111111000000000000000011000000000000000000000000
00000011000000000000000000000011000000000000000000000000
00000011000000000000000000000011000000000000000000000000
00000011000000000000000000000011111111000000000000000000
00000011000000000000000000000011110000000000111111111000
00000011000011111111111000000011011000000001100000001100
00000011000011000001111100000011001100000001111111111100
00111111000011000001100110000011000110000001100000000000
00111111000011111111100011000011000011000000111111111100
00000000000000000000000000000000000000000000000000000000
00000000000000000000000000000000000000000000000000000000